0.004694835680751173
0.00936768149882904
0.014018691588785047
0.013986013986013988
0.018604651162790694
0.02320185614849188
0.027777777777777776
0.03233256351039261
0.03686635944700461
0.041379310344827586
0.04587155963302752
0.05034324942791762
0.05479452054794521
0.0592255125284738
0.06363636363636364
0.06802721088435375
0.07239819004524886
0.07674943566591422
0.08108108108108107
0.08539325842696631
0.0896860986547085
0.09395973154362416
0.09821428571428571
0.10244988864142539
0.10666666666666669
0.11086474501108648
0.11504424778761062
0.11920529801324502
0.1233480176211454
0.1274725274725275
0.13157894736842105
0.13566739606126915
0.13973799126637557
0.1437908496732026
0.14782608695652177
0.15184381778741865
0.15584415584415584
0.15982721382289417
0.16379310344827586
0.16774193548387098
0.17167381974248924
0.1755888650963597
0.17948717948717946
0.18336886993603413
0.18723404255319148
0.1910828025477707
0.19491525423728814
0.19873150105708245
0.20253164556962022
0.2063157894736842
0.2100840336134454
0.21383647798742136
0.21757322175732222
0.22129436325678498
0.22083333333333333
0.2245322245322245
0.22406639004149376
0.22774327122153212
0.23140495867768596
0.23505154639175263
0.23868312757201646
0.24229979466119095
0.24590163934426232
0.24948875255623723
0.2530612244897959
0.2525458248472505
0.25609756097560976
0.2596348884381338
0.2631578947368421
0.2666666666666667
0.2701612903225806
0.27364185110663986
0.27710843373493976
0.280561122244489
0.284
0.2874251497005988
0.29083665338645415
0.294234592445328
0.2976190476190476
0.300990099009901
0.30434782608695654
0.30769230769230765
0.3110236220472441
0.3143418467583497
0.3176470588235294
0.32093933463796476
0.32421875
0.32358674463937626
0.3268482490272373
0.3300970873786408
0.3333333333333333
0.3365570599613153
0.3397683397683398
0.34296724470134876
0.3461538461538461
0.34932821497120914
0.3524904214559386
0.35564053537284895
0.3587786259541985
0.3619047619047619
0.3650190114068441
0.3681214421252372
0.3712121212121212
0.3742911153119093
0.3773584905660377
0.3804143126177024
0.38345864661654133
0.3864915572232645
0.3895131086142323
0.3925233644859813
0.39552238805970147
0.39851024208566105
0.4014869888475836
0.4044526901669759
0.40740740740740744
0.41035120147874304
0.4132841328413284
0.4162062615101289
0.4191176470588236
0.4220183486238531
0.424908424908425
0.42778793418647165
0.4306569343065693
0.4335154826958106
0.4363636363636364
0.4392014519056261
0.44202898550724634
0.4448462929475588
0.447653429602888
0.45045045045045046
0.45323741007194246
0.4560143626570916
0.4587813620071684
0.46153846153846156
0.4642857142857143
0.46702317290552586
0.4697508896797153
0.4724689165186501
0.475177304964539
0.47787610619469023
0.480565371024735
0.4832451499118166
0.4859154929577465
0.48857644991212656
0.49122807017543857
0.49387040280210165
0.49650349650349646
0.4991273996509599
0.5017421602787457
0.5043478260869566
0.5069444444444444
0.5095320623916811
0.5121107266435986
0.5146804835924007
0.5172413793103449
0.5197934595524957
0.5223367697594502
0.5248713550600342
0.5273972602739726
0.5299145299145298
0.5324232081911262
0.534923339011925
0.5374149659863946
0.5398981324278438
0.5423728813559322
0.544839255499154
0.5472972972972973
0.5463743676222597
0.5488215488215489
0.5512605042016807
0.5536912751677852
0.5561139028475712
0.5585284280936454
0.5575959933222037
0.5599999999999999
0.562396006655574
0.5647840531561461
0.5671641791044776
0.5695364238410596
0.5719008264462809
0.5742574257425743
0.5766062602965404
0.5789473684210527
0.58128078817734
0.5836065573770491
0.5859247135842881
0.5882352941176471
0.5905383360522023
0.5928338762214984
0.5951219512195123
0.5974025974025974
0.5996758508914101
0.5987055016181229
0.6009693053311793
0.6032258064516128
0.605475040257649
0.6077170418006431
0.6099518459069021
0.608974358974359
0.6112000000000001
0.6134185303514377
0.6124401913875599
0.6146496815286624
0.6168521462639109
0.6190476190476191
0.6212361331220285
0.6234177215189873
0.6255924170616114
0.6277602523659306
0.6299212598425197
0.6320754716981133
0.6342229199372056
0.6363636363636364
0.6384976525821596
0.6375
0.6365054602184087
0.6355140186915889
0.6376360808709175
0.639751552795031
0.641860465116279
0.6439628482972136
0.6460587326120556
0.6481481481481481
0.6471494607087828
0.6492307692307692
0.6513056835637481
0.6533742331288344
0.655436447166922
0.6574923547400611
0.6595419847328244
0.6615853658536585
0.6636225266362252
0.6656534954407295
0.6676783004552352
0.6666666666666667
0.6686838124054463
0.6706948640483383
0.6726998491704373
0.6746987951807228
0.6766917293233083
0.6786786786786787
0.6806596701649176
0.6826347305389222
0.6846038863976083
0.6865671641791044
0.6885245901639344
0.6904761904761905
0.6924219910846955
0.6943620178041543
0.6933333333333332
0.6952662721893492
0.6942392909896603
0.696165191740413
0.6980854197349041
0.7000000000000001
0.7019089574155652
0.7038123167155426
0.705710102489019
0.7076023391812866
0.7094890510948906
0.7084548104956269
0.7074235807860262
0.7063953488372093
0.7082728592162554
0.7101449275362318
0.7091172214182344
0.7109826589595375
0.7099567099567099
0.7118155619596542
0.7107913669064748
0.7126436781609196
0.7144906743185079
0.7163323782234957
0.7181688125894135
0.72
0.7218259629101283
0.7236467236467237
0.7254623044096727
0.7272727272727273
0.7290780141843971
0.7308781869688386
0.7326732673267328
0.7344632768361582
0.7362482369534556
0.7380281690140844
0.7369901547116736
0.7359550561797753
0.7377279102384291
0.7394957983193277
0.7412587412587414
0.7402234636871509
0.7419804741980475
0.743732590529248
0.74547983310153
0.7472222222222222
0.7489597780859916
0.7479224376731302
0.7496542185338866
0.7513812154696132
0.7531034482758621
0.7520661157024793
0.7537826685006878
0.7554945054945055
0.757201646090535
0.7589041095890412
0.7606019151846786
0.7622950819672132
0.7639836289222374
0.7629427792915531
0.764625850340136
0.763586956521739
0.7652645861601086
0.7669376693766937
0.7658998646820027
0.7648648648648649
0.7665317139001349
0.7681940700808625
0.7698519515477794
0.7688172043010754
0.7677852348993288
0.7694369973190348
0.7684069611780454
0.7673796791443851
0.7690253671562082
0.7706666666666666
0.7723035952063916
0.7712765957446809
0.7729083665338645
0.7745358090185677
0.7735099337748345
0.7724867724867724
0.7714663143989432
0.7730870712401056
0.7747035573122529
0.7736842105263158
0.7752956636005256
0.774278215223097
0.7732634338138924
0.7722513089005235
0.7712418300653594
0.7702349869451698
0.7692307692307694
0.7708333333333333
0.7724317295188557
0.7714285714285715
0.7730220492866406
0.7746113989637307
0.776196636481242
0.7751937984496123
0.7767741935483871
0.7757731958762887
0.7747747747747746
0.7737789203084834
0.772785622593068
0.7717948717948718
0.7733674775928296
0.7749360613810741
0.7739463601532566
0.7755102040816326
0.7745222929936306
0.7735368956743002
0.772554002541296
0.7741116751269036
0.7731305449936628
0.7721518987341772
0.7711757269279392
0.7727272727272728
0.7742749054224465
0.7732997481108312
0.7723270440251573
0.7738693467336684
0.7754077791718947
0.7744360902255639
0.7759699624530664
0.7749999999999999
0.7740324594257179
0.7730673316708229
0.772104607721046
0.7711442786069652
0.7701863354037266
0.771712158808933
0.7732342007434944
0.7722772277227724
0.7737948084054388
0.7753086419753087
0.7743526510480887
0.7758620689655172
0.7773677736777369
0.7764127764127764
0.7779141104294479
0.7769607843137256
0.7784577723378213
0.7799511002444988
0.778998778998779
0.7780487804878049
0.7771010962241169
0.7761557177615571
0.7752126366950183
0.7742718446601942
0.7757575757575759
0.7748184019370461
0.7762998790810156
0.7753623188405797
0.7744270205066345
0.7759036144578314
0.7749699157641395
0.7764423076923076
0.7755102040816326
0.7745803357314149
0.7760479041916167
0.7751196172248803
0.7741935483870968
0.7756563245823389
0.7747318235995233
0.7738095238095238
0.7728894173602854
0.7719714964370546
0.7734282325029657
0.7725118483412324
0.7715976331360948
0.7706855791962176
0.769775678866588
0.768867924528302
0.767962308598351
0.7694117647058824
0.7708578143360753
0.7723004694835681
0.7713950762016413
0.7704918032786885
0.7695906432748537
0.7710280373831777
0.7724620770128354
0.7715617715617715
0.7706635622817228
0.7720930232558139
0.7735191637630662
0.7726218097447796
0.7717265353418309
0.7731481481481481
0.7722543352601156
0.7713625866050808
0.7704728950403691
0.7718894009216589
0.7733026467203682
0.7724137931034483
0.7715269804822044
0.7706422018348624
0.7720504009163804
0.7711670480549199
0.7702857142857144
0.7716894977168949
0.7730900798175597
0.7722095671981777
0.7713310580204779
0.7704545454545454
0.7695800227014756
0.7709750566893423
0.770101925254813
0.7692307692307692
0.768361581920904
0.7674943566591422
0.7666290868094701
0.7680180180180182
0.7694038245219348
0.7685393258426967
0.7676767676767676
0.7668161434977578
0.7681970884658454
0.767337807606264
0.7687150837988828
0.7678571428571428
0.7670011148272018
0.7683741648106905
0.7675194660734148
0.7666666666666667
0.7658157602663707
0.7649667405764967
0.7663344407530454
0.7654867256637168
0.7646408839779005
0.7637969094922737
0.762954796030871
0.7621145374449338
0.7612761276127611
0.7604395604395605
0.7596048298572996
0.7587719298245613
0.7601314348302299
0.7614879649890592
0.7628415300546447
0.7641921397379913
0.7633587786259541
0.7647058823529411
0.766050054406964
0.7652173913043478
0.764386536373507
0.7635574837310195
0.7627302275189599
0.7619047619047619
0.761081081081081
0.7602591792656587
0.7594390507011866
0.7586206896551726
0.7599569429494079
0.7591397849462366
0.7583243823845328
0.7575107296137339
0.7566988210075026
0.7558886509635974
0.7550802139037432
0.7542735042735044
0.7556029882604054
0.7547974413646055
0.7539936102236422
0.753191489361702
0.7523910733262487
0.751592356687898
0.750795334040297
0.7499999999999999
0.7492063492063492
0.7484143763213531
0.7476240760295669
0.7468354430379747
0.7460484720758692
0.7452631578947368
0.7444794952681387
0.7436974789915966
0.7429171038824762
0.7421383647798742
0.743455497382199
0.7447698744769873
0.7460815047021945
0.745302713987474
0.7445255474452555
0.74375
0.7429760665972944
0.7422037422037423
0.7414330218068536
0.7406639004149378
0.7398963730569948
0.7391304347826088
0.7383660806618407
0.7376033057851238
0.736842105263158
0.7381443298969073
0.737384140061792
0.7366255144032922
0.7379239465570401
0.7371663244353183
0.7364102564102564
0.735655737704918
0.7349027635619243
0.7341513292433537
0.7334014300306435
0.7346938775510203
0.7339449541284404
0.7331975560081466
0.7324516785350966
0.7317073170731708
0.7309644670050762
0.7302231237322515
0.7294832826747721
0.728744939271255
0.7280080889787665
0.7272727272727273
0.7265388496468214
0.7258064516129031
0.7250755287009063
0.7243460764587525
0.7236180904522614
0.7228915662650602
0.7221664994984954
0.721442885771543
0.7207207207207208
0.722
0.7212787212787213
0.7225548902195609
0.7218344965104686
0.7211155378486057
0.7203980099502487
0.7196819085487078
0.7189672293942404
0.7182539682539683
0.7175421209117939
0.7168316831683169
0.7161226508407517
0.7173913043478262
0.7166831194471867
0.7159763313609467
0.7152709359605911
0.7165354330708662
0.7158308751229104
0.7151277013752457
0.7144259077526985
0.7137254901960784
0.7130264446620961
0.7123287671232876
0.7116324535679375
0.7109375
0.7102439024390244
0.709551656920078
0.7088607594936709
0.708171206225681
0.7074829931972789
0.7067961165048544
0.7061105722599419
0.7054263565891472
0.7047434656340754
0.7040618955512572
0.7033816425120772
0.7027027027027026
0.7020250723240116
0.7013487475915221
0.7006737247353225
0.7000000000000001
0.6993275696445725
0.6986564299424185
0.697986577181208
0.6973180076628351
0.6966507177033492
0.6959847036328873
0.6953199617956066
0.6946564885496183
0.6939942802669209
0.6933333333333334
0.69267364414843
0.6920152091254752
0.691358024691358
0.6907020872865276
0.6900473933649288
0.6893939393939394
0.6887417218543046
0.6880907372400756
0.6893295561850802
0.6886792452830188
0.6880301602262017
0.687382297551789
0.6867356538099718
0.6860902255639098
0.6854460093896713
0.6848030018761726
0.6841611996251172
0.6835205992509362
0.6828811973807297
0.6822429906542056
0.6816059757236228
0.6809701492537313
0.6803355079217148
0.6797020484171322
0.6790697674418605
0.6784386617100372
0.67966573816156
0.6790352504638218
0.6784059314179796
0.6777777777777777
0.6771507863089732
0.6783733826247689
0.6777469990766389
0.6771217712177122
0.6764976958525346
0.6758747697974218
0.6752529898804048
0.6746323529411765
0.6740128558310376
0.673394495412844
0.6727772685609532
0.6721611721611722
0.6715462031107045
0.6727605118829981
0.6721461187214611
0.6715328467153284
0.6709206927985415
0.6703096539162112
0.6696997270245677
0.669090909090909
0.6684831970935513
0.6678765880217785
0.6672710788757933
0.6666666666666666
0.6660633484162896
0.6654611211573236
0.6648599819331527
0.664259927797834
0.6636609558160504
0.6630630630630631
0.6624662466246625
0.6618705035971222
0.6612758310871517
0.6606822262118491
0.6600896860986547
0.6594982078853047
0.6606982990152194
0.6601073345259392
0.6595174262734584
0.6589285714285714
0.6583407671721677
0.6577540106951871
0.6571682991985753
0.6565836298932384
0.656
0.655417406749556
0.6548358473824313
0.6542553191489362
0.6536758193091231
0.6530973451327433
0.6525198938992043
0.6519434628975266
0.6513680494263019
0.6507936507936508
0.6502202643171807
0.6496478873239436
0.6490765171503957
0.648506151142355
0.6479367866549606
0.6473684210526316
0.6468010517090272
0.6462346760070052
0.6456692913385826
0.6451048951048952
0.6445414847161571
0.643979057591623
0.6434176111595467
0.6445993031358884
0.6440382941688425
0.6434782608695652
0.6429192006950477
0.642361111111111
0.6418039895923677
0.6412478336221837
0.6406926406926406
0.6401384083044983
0.6395851339671564
0.6390328151986183
0.6384814495254529
0.6379310344827586
0.6373815676141258
0.6368330464716007
0.6362854686156492
0.6357388316151203
0.6351931330472103
0.6346483704974271
0.6341045415595544
0.6335616438356164
0.6330196749358427
0.6324786324786326
0.6319385140905208
0.6313993174061434
0.6308610400682012
0.6303236797274276
0.6297872340425532
0.6292517006802721
0.6287170773152081
0.6281833616298812
0.6276505513146734
0.6271186440677966
0.6265876375952584
0.626057529610829
0.62552831783601
0.625
0.6244725738396625
0.6239460370994941
0.6234203875315923
0.622895622895623
0.6223717409587889
0.6218487394957983
0.6213266162888329
0.6208053691275167
0.6219614417435038
0.6214405360134003
0.6209205020920502
0.6204013377926422
0.6198830409356725
0.6193656093489148
0.6188490408673895
0.6183333333333333
0.6178184845961698
0.6173044925124791
0.6167913549459684
0.6179401993355481
0.6190871369294606
0.6185737976782753
0.6180613090306545
0.6175496688741722
0.6170388751033913
0.6165289256198347
0.616019818331957
0.6155115511551155
0.6150041220115416
0.614497528830313
0.613991769547325
0.6134868421052632
0.6129827444535744
0.6124794745484401
0.6119770303527482
0.6114754098360656
0.6126126126126126
0.6121112929623568
0.6116107931316436
0.6111111111111112
0.6106122448979592
0.6101141924959217
0.6096169519152403
0.6091205211726384
0.6086248982912937
0.608130081300813
0.6076360682372056
0.6071428571428571
0.6066504460665044
0.6061588330632091
0.605668016194332
0.6051779935275081
0.6046887631366209
0.6042003231017771
0.6053268765133171
0.6048387096774194
0.6059629331184528
0.605475040257649
0.6049879324215608
0.6045016077170419
0.6040160642570281
0.6035313001605137
0.6030473135525262
0.6025641025641025
0.6020816653322659
0.6016
0.6011191047162271
0.6006389776357828
0.6001596169193936
0.5996810207336524
0.5992031872509961
0.5987261146496816
0.5982498011137629
0.5977742448330683
0.5972994440031771
0.5968253968253969
0.5963521015067408
0.595879556259905
0.5954077593032463
0.5949367088607594
0.5944664031620555
0.5939968404423381
0.5935280189423836
0.5930599369085174
0.5925925925925927
0.5921259842519685
0.5916601101494886
0.5927672955974843
0.5923016496465043
0.5918367346938775
0.5913725490196079
0.5909090909090909
0.5904463586530931
0.5899843505477309
0.5895230648944487
0.5890625
0.5886026541764248
0.5881435257410297
0.5876851130163679
0.5872274143302181
0.5867704280155642
0.5863141524105755
0.5858585858585857
0.5854037267080745
0.5849495733126454
0.5844961240310078
0.5840433772269559
0.5835913312693499
0.5831399845320958
0.5826893353941267
0.5822393822393823
0.5817901234567902
0.5813415574402467
0.5808936825885979
0.5804464973056197
0.58
0.5795541890853191
0.5791090629800307
0.5786646201074443
0.5782208588957056
0.5777777777777778
0.5773353751914242
0.576893649579189
0.5764525993883792
0.5760122230710466
0.5755725190839694
0.5751334858886346
0.5746951219512196
0.5742574257425742
0.5738203957382039
0.5733840304182509
0.5729483282674772
0.5725132877752468
0.5720789074355084
0.5716451857467779
0.5712121212121212
0.570779712339137
0.5703479576399395
0.5699168556311413
0.5694864048338368
0.5690566037735849
0.5686274509803921
0.5681989449886963
0.5677710843373495
