1.0
1.0
1.0
0.75
0.8
0.8333333333333334
0.8571428571428571
0.875
0.8888888888888888
0.9
0.9090909090909091
0.9166666666666666
0.9230769230769231
0.9285714285714286
0.9333333333333333
0.9375
0.9411764705882353
0.9444444444444444
0.9473684210526315
0.95
0.9523809523809523
0.9545454545454546
0.9565217391304348
0.9583333333333334
0.96
0.9615384615384616
0.9629629629629629
0.9642857142857143
0.9655172413793104
0.9666666666666667
0.967741935483871
0.96875
0.9696969696969697
0.9705882352941176
0.9714285714285714
0.9722222222222222
0.972972972972973
0.9736842105263158
0.9743589743589743
0.975
0.975609756097561
0.9761904761904762
0.9767441860465116
0.9772727272727273
0.9777777777777777
0.9782608695652174
0.9787234042553191
0.9791666666666666
0.9795918367346939
0.98
0.9803921568627451
0.9807692307692307
0.9811320754716981
0.9814814814814815
0.9636363636363636
0.9642857142857143
0.9473684210526315
0.9482758620689655
0.9491525423728814
0.95
0.9508196721311475
0.9516129032258065
0.9523809523809523
0.953125
0.9538461538461539
0.9393939393939394
0.9402985074626866
0.9411764705882353
0.9420289855072463
0.9428571428571428
0.9436619718309859
0.9444444444444444
0.9452054794520548
0.9459459459459459
0.9466666666666667
0.9473684210526315
0.948051948051948
0.9487179487179487
0.9493670886075949
0.95
0.9506172839506173
0.9512195121951219
0.9518072289156626
0.9523809523809523
0.9529411764705882
0.9534883720930233
0.9540229885057471
0.9431818181818182
0.9438202247191011
0.9444444444444444
0.945054945054945
0.9456521739130435
0.946236559139785
0.9468085106382979
0.9473684210526315
0.9479166666666666
0.9484536082474226
0.9489795918367347
0.9494949494949495
0.95
0.9504950495049505
0.9509803921568627
0.9514563106796117
0.9519230769230769
0.9523809523809523
0.9528301886792453
0.9532710280373832
0.9537037037037037
0.9541284403669725
0.9545454545454546
0.954954954954955
0.9553571428571429
0.9557522123893806
0.956140350877193
0.9565217391304348
0.9568965517241379
0.9572649572649573
0.9576271186440678
0.957983193277311
0.9583333333333334
0.9586776859504132
0.9590163934426229
0.959349593495935
0.9596774193548387
0.96
0.9603174603174603
0.9606299212598425
0.9609375
0.9612403100775194
0.9615384615384616
0.9618320610687023
0.9621212121212122
0.9624060150375939
0.9626865671641791
0.9629629629629629
0.9632352941176471
0.9635036496350365
0.9637681159420289
0.9640287769784173
0.9642857142857143
0.9645390070921985
0.9647887323943662
0.965034965034965
0.9652777777777778
0.9655172413793104
0.9657534246575342
0.9659863945578231
0.9662162162162162
0.9664429530201343
0.9666666666666667
0.9668874172185431
0.9671052631578947
0.9673202614379085
0.9675324675324676
0.967741935483871
0.967948717948718
0.9681528662420382
0.9683544303797469
0.9685534591194969
0.96875
0.968944099378882
0.9691358024691358
0.9693251533742331
0.9695121951219512
0.9696969696969697
0.9698795180722891
0.9700598802395209
0.9642857142857143
0.9644970414201184
0.9647058823529412
0.9649122807017544
0.9651162790697675
0.9653179190751445
0.9597701149425287
0.96
0.9602272727272727
0.96045197740113
0.9606741573033708
0.9608938547486033
0.9611111111111111
0.9613259668508287
0.9615384615384616
0.9617486338797814
0.9619565217391305
0.9621621621621622
0.9623655913978495
0.9625668449197861
0.9627659574468085
0.9629629629629629
0.9631578947368421
0.9633507853403142
0.9635416666666666
0.9585492227979274
0.9587628865979382
0.958974358974359
0.9591836734693877
0.9593908629441624
0.9595959595959596
0.9547738693467337
0.955
0.9552238805970149
0.9504950495049505
0.9507389162561576
0.9509803921568627
0.9512195121951219
0.9514563106796117
0.9516908212560387
0.9519230769230769
0.9521531100478469
0.9523809523809523
0.95260663507109
0.9528301886792453
0.9530516431924883
0.9532710280373832
0.9488372093023256
0.9444444444444444
0.9400921658986175
0.9403669724770642
0.9406392694063926
0.9409090909090909
0.9411764705882353
0.9414414414414415
0.9417040358744395
0.9375
0.9377777777777778
0.9380530973451328
0.9383259911894273
0.9385964912280702
0.9388646288209607
0.9391304347826087
0.9393939393939394
0.9396551724137931
0.9399141630901288
0.9401709401709402
0.9361702127659575
0.9364406779661016
0.9367088607594937
0.9369747899159664
0.9372384937238494
0.9375
0.9377593360995851
0.9380165289256198
0.9382716049382716
0.9385245901639344
0.9387755102040817
0.9390243902439024
0.9392712550607287
0.9395161290322581
0.9397590361445783
0.936
0.9362549800796812
0.9325396825396826
0.932806324110672
0.9330708661417323
0.9333333333333333
0.93359375
0.933852140077821
0.9341085271317829
0.9343629343629344
0.9346153846153846
0.9310344827586207
0.9274809160305344
0.9239543726235742
0.9242424242424242
0.9245283018867925
0.9210526315789473
0.9213483146067416
0.917910447761194
0.9182156133828996
0.9148148148148149
0.915129151291513
0.9154411764705882
0.9157509157509157
0.916058394160584
0.9163636363636364
0.9166666666666666
0.9169675090252708
0.9172661870503597
0.9175627240143369
0.9178571428571428
0.9181494661921709
0.9184397163120568
0.9187279151943463
0.9190140845070423
0.9192982456140351
0.916083916083916
0.9128919860627178
0.9131944444444444
0.9134948096885813
0.9137931034482759
0.9106529209621993
0.910958904109589
0.9112627986348123
0.9115646258503401
0.911864406779661
0.9121621621621622
0.9090909090909091
0.9093959731543624
0.9096989966555183
0.91
0.9069767441860465
0.9072847682119205
0.9075907590759076
0.9078947368421053
0.9081967213114754
0.9084967320261438
0.9087947882736156
0.9090909090909091
0.9061488673139159
0.9064516129032258
0.9035369774919614
0.9038461538461539
0.9041533546325878
0.9012738853503185
0.8984126984126984
0.8987341772151899
0.8990536277602523
0.89937106918239
0.896551724137931
0.89375
0.8940809968847352
0.8913043478260869
0.8885448916408669
0.8888888888888888
0.8892307692307693
0.8895705521472392
0.8868501529051988
0.8871951219512195
0.8875379939209727
0.8848484848484849
0.8821752265861027
0.8795180722891566
0.8798798798798799
0.8802395209580839
0.8776119402985074
0.8779761904761905
0.8753709198813057
0.8727810650887574
0.8702064896755162
0.8676470588235294
0.8651026392961877
0.8625730994152047
0.8629737609329446
0.8633720930232558
0.8608695652173913
0.861271676300578
0.861671469740634
0.8620689655172413
0.8595988538681948
0.86
0.8575498575498576
0.8551136363636364
0.8526912181303116
0.8502824858757062
0.847887323943662
0.848314606741573
0.8487394957983193
0.8463687150837989
0.8467966573816156
0.8444444444444444
0.8421052631578947
0.8397790055248618
0.8402203856749312
0.8379120879120879
0.8356164383561644
0.8333333333333334
0.8337874659400545
0.8342391304347826
0.8319783197831978
0.8297297297297297
0.8301886792452831
0.8306451612903226
0.8284182305630027
0.8288770053475936
0.8266666666666667
0.824468085106383
0.8222811671087533
0.8201058201058201
0.8179419525065963
0.8157894736842105
0.8162729658792651
0.8167539267015707
0.814621409921671
0.8151041666666666
0.8155844155844156
0.8134715025906736
0.813953488372093
0.8144329896907216
0.8123393316195373
0.8128205128205128
0.8107416879795396
0.8112244897959183
0.811704834605598
0.8096446700507615
0.8075949367088607
0.8055555555555556
0.8035264483627204
0.8015075376884422
0.7994987468671679
0.8
0.7980049875311721
0.7985074626865671
0.7965260545905707
0.7945544554455446
0.7950617283950617
0.7931034482758621
0.7936117936117936
0.7916666666666666
0.7897310513447433
0.7902439024390244
0.7883211678832117
0.7864077669902912
0.7869249394673123
0.785024154589372
0.7831325301204819
0.78125
0.7793764988009593
0.7799043062200957
0.7780429594272077
0.7761904761904762
0.7743467933491687
0.7725118483412322
0.7706855791962175
0.7688679245283019
0.7694117647058824
0.7699530516431925
0.7704918032786885
0.7686915887850467
0.7668997668997669
0.7651162790697674
0.765661252900232
0.7662037037037037
0.7644341801385681
0.7626728110599078
0.7632183908045977
0.7637614678899083
0.7620137299771167
0.7602739726027398
0.7608200455580866
0.759090909090909
0.7573696145124716
0.755656108597285
0.7562076749435666
0.7567567567567568
0.755056179775281
0.7533632286995515
0.7516778523489933
0.7522321428571429
0.7505567928730512
0.7488888888888889
0.7494456762749445
0.75
0.7483443708609272
0.7466960352422908
0.7450549450549451
0.743421052631579
0.7439824945295405
0.74235807860262
0.7407407407407407
0.7391304347826086
0.737527114967462
0.7359307359307359
0.7365010799136069
0.7370689655172413
0.7354838709677419
0.7339055793991416
0.7323340471092077
0.7329059829059829
0.7313432835820896
0.7319148936170212
0.7303609341825902
0.7288135593220338
0.7293868921775899
0.7278481012658228
0.7263157894736842
0.7247899159663865
0.7232704402515723
0.7238493723849372
0.7223382045929019
0.7208333333333333
0.7193347193347194
0.7178423236514523
0.7163561076604554
0.7148760330578512
0.7134020618556701
0.7119341563786008
0.7104722792607803
0.7110655737704918
0.7116564417177914
0.7122448979591837
0.7128309572301426
0.7113821138211383
0.7119675456389453
0.7125506072874493
0.7111111111111111
0.7096774193548387
0.7082494969818913
0.7068273092369478
0.7054108216432866
0.704
0.7025948103792415
0.701195219123506
0.6998011928429424
0.7003968253968254
0.699009900990099
0.6976284584980237
0.6962524654832347
0.6948818897637795
0.693516699410609
0.692156862745098
0.6908023483365949
0.69140625
0.6900584795321637
0.688715953307393
0.6873786407766991
0.686046511627907
0.6847195357833655
0.6833976833976834
0.6820809248554913
0.6807692307692308
0.6794625719769674
0.6781609195402298
0.6768642447418738
0.6755725190839694
0.6742857142857143
0.6730038022813688
0.6717267552182163
0.6704545454545454
0.6691871455576559
0.6698113207547169
0.6704331450094162
0.6710526315789473
0.6697936210131332
0.6685393258426966
0.6672897196261682
0.6660447761194029
0.664804469273743
0.6635687732342007
0.6623376623376623
0.6611111111111111
0.6598890942698706
0.6586715867158671
0.6574585635359116
0.65625
0.6568807339449542
0.6556776556776557
0.6544789762340036
0.6551094890510949
0.6539162112932605
0.6527272727272727
0.6515426497277677
0.6503623188405797
0.6491862567811935
0.648014440433213
0.6486486486486487
0.6474820143884892
0.6463195691202872
0.6451612903225806
0.6440071556350626
0.6428571428571429
0.6417112299465241
0.6405693950177936
0.6394316163410302
0.6382978723404256
0.6371681415929203
0.6360424028268551
0.6349206349206349
0.6338028169014085
0.632688927943761
0.631578947368421
0.6304728546409807
0.6293706293706294
0.6282722513089005
0.627177700348432
0.6278260869565218
0.6267361111111112
0.6273830155979203
0.6262975778546713
0.6252158894645942
0.6241379310344828
0.6230636833046471
0.6219931271477663
0.6209262435677531
0.6198630136986302
0.6188034188034188
0.6177474402730375
0.6183986371379898
0.6173469387755102
0.6162988115449916
0.6152542372881356
0.6159052453468697
0.6148648648648649
0.6138279932546374
0.6127946127946128
0.611764705882353
0.610738255033557
0.609715242881072
0.6086956521739131
0.6076794657762938
0.6066666666666667
0.6056572379367721
0.6046511627906976
0.603648424543947
0.6026490066225165
0.6016528925619835
0.6006600660066007
0.5996705107084019
0.5986842105263158
0.5977011494252874
0.5967213114754099
0.5957446808510638
0.5947712418300654
0.5938009787928222
0.5928338762214984
0.591869918699187
0.5909090909090909
0.5899513776337115
0.5889967637540453
0.5880452342487884
0.5870967741935483
0.5861513687600645
0.5852090032154341
0.5842696629213483
0.5833333333333334
0.5824
0.5814696485623003
0.580542264752791
0.5796178343949044
0.5786963434022258
0.5777777777777777
0.5768621236133122
0.5759493670886076
0.5750394944707741
0.5757097791798107
0.5748031496062992
0.5738993710691824
0.5729984301412873
0.5721003134796239
0.5712050078247262
0.5703125
0.5694227769110765
0.5685358255451713
0.567651632970451
0.5667701863354038
0.5658914728682171
0.565015479876161
0.5641421947449768
0.5632716049382716
0.5624036979969184
0.5615384615384615
0.5606758832565284
0.5613496932515337
0.5604900459418071
0.5596330275229358
0.5587786259541985
0.5579268292682927
0.558599695585997
0.5577507598784195
0.5569044006069803
0.556060606060606
0.5552193645990923
0.554380664652568
0.5535444947209653
0.552710843373494
0.5518796992481203
0.551051051051051
0.5502248875562219
0.5494011976047904
0.5500747384155455
0.5492537313432836
0.5484351713859911
0.5476190476190477
0.5468053491827637
0.5459940652818991
0.5451851851851852
0.5443786982248521
0.5435745937961596
0.5427728613569321
0.5419734904270986
0.5411764705882353
0.540381791483113
0.5395894428152492
0.5387994143484627
0.5380116959064327
0.5372262773722628
0.5364431486880467
0.5356622998544396
0.5348837209302325
0.5341074020319303
0.5333333333333333
0.532561505065123
0.5332369942196532
0.5324675324675324
0.531700288184438
0.5309352517985612
0.5301724137931034
0.5294117647058824
0.5286532951289399
0.5278969957081545
0.5271428571428571
0.5263908701854494
0.5256410256410257
0.5248933143669986
0.5241477272727273
0.5234042553191489
0.5226628895184136
0.521923620933522
0.5211864406779662
0.5204513399153737
0.5197183098591549
0.5189873417721519
0.5182584269662921
0.517531556802244
0.5168067226890757
0.5160839160839161
0.5153631284916201
0.5146443514644351
0.5139275766016713
0.5132127955493742
0.5125
0.5117891816920943
0.5110803324099723
0.5117565698478561
0.511049723756906
0.5103448275862069
0.509641873278237
0.5089408528198074
0.5082417582417582
0.5075445816186557
0.5068493150684932
0.506155950752394
0.505464480874317
0.504774897680764
0.5040871934604905
0.5034013605442177
0.5027173913043478
0.5020352781546812
0.5013550135501355
0.5006765899864682
0.5
0.4993252361673414
0.49865229110512127
0.4979811574697174
0.49731182795698925
0.4966442953020134
0.4959785522788204
0.49531459170013387
0.4946524064171123
0.4939919893190921
0.49333333333333335
0.49267643142476697
0.4920212765957447
0.4913678618857902
0.4907161803713528
0.4900662251655629
0.4894179894179894
0.48877146631439894
0.48812664907651715
0.4874835309617918
0.4868421052631579
0.48620236530880423
0.48556430446194226
0.4849279161205767
0.48429319371727747
0.48366013071895425
0.4830287206266319
0.48239895697522817
0.4830729166666667
0.48244473342002603
0.4818181818181818
0.48119325551232167
0.4805699481865285
0.4799482535575679
0.479328165374677
0.47870967741935483
0.47809278350515466
0.4774774774774775
0.4768637532133676
0.47753530166880614
0.4782051282051282
0.47759282970550576
0.47698209718670076
0.4763729246487867
0.475765306122449
0.4751592356687898
0.47455470737913485
0.47395171537484115
0.4733502538071066
0.47275031685678076
0.47215189873417723
0.4715549936788875
0.47095959595959597
0.4703656998738966
0.46977329974811083
0.4691823899371069
0.46984924623115576
0.46925972396486826
0.46867167919799496
0.46808510638297873
0.4675
0.46691635455680397
0.46633416458852867
0.4657534246575342
0.4651741293532338
0.4645962732919255
0.4640198511166253
0.4634448574969021
0.4628712871287129
0.4622991347342398
0.4617283950617284
0.46115906288532676
0.4605911330049261
0.46002460024600245
0.4606879606879607
0.4601226993865031
0.46078431372549017
0.4602203182374541
0.45965770171149145
0.4590964590964591
0.4585365853658537
0.4579780755176614
0.45742092457420924
0.456865127582017
0.4563106796116505
0.45575757575757575
0.4552058111380145
0.4546553808948005
0.45410628019323673
0.45355850422195415
0.4530120481927711
0.45246690734055356
0.4519230769230769
0.45138055222088835
0.45083932853717024
0.4502994011976048
0.44976076555023925
0.44922341696535245
0.4486873508353222
0.44815256257449343
0.44761904761904764
0.4470868014268728
0.44655581947743467
0.4460260972716489
0.44549763033175355
0.44497041420118344
0.4444444444444444
0.44510035419126326
0.44457547169811323
0.44405182567726736
0.4435294117647059
0.44300822561692127
0.4424882629107981
0.44196951934349354
0.4414519906323185
0.4409356725146199
0.44042056074766356
0.43990665110851807
0.4393939393939394
0.43888242142025613
0.4383720930232558
0.437862950058072
0.43735498839907194
0.43684820393974505
0.4363425925925926
0.43583815028901735
0.4353348729792148
0.4348327566320646
0.434331797235023
0.43383199079401613
0.43333333333333335
0.43283582089552236
0.4323394495412844
0.43184421534937
0.43135011441647597
0.4308571428571429
0.430365296803653
0.4298745724059293
0.4293849658314351
0.42889647326507396
0.4284090909090909
0.4279228149829739
0.427437641723356
0.4269535673839185
0.4264705882352941
0.42598870056497173
0.4255079006772009
0.4250281848928974
0.42454954954954954
0.42407199100112486
0.42359550561797754
0.42312008978675647
0.4226457399103139
0.4221724524076148
0.4217002237136465
0.4212290502793296
0.42075892857142855
0.42028985507246375
0.4198218262806236
0.41935483870967744
0.41888888888888887
0.4184239733629301
0.417960088691796
0.4174972314507198
