0.002352941176470588
0.004705882352941176
0.007058823529411765
0.007058823529411765
0.009411764705882352
0.011764705882352941
0.01411764705882353
0.01647058823529412
0.018823529411764704
0.021176470588235293
0.023529411764705882
0.02588235294117647
0.02823529411764706
0.03058823529411765
0.03294117647058824
0.03529411764705882
0.03764705882352941
0.04
0.042352941176470586
0.04470588235294118
0.047058823529411764
0.04941176470588235
0.05176470588235294
0.05411764705882353
0.05647058823529412
0.058823529411764705
0.0611764705882353
0.06352941176470588
0.06588235294117648
0.06823529411764706
0.07058823529411765
0.07294117647058823
0.07529411764705882
0.07764705882352942
0.08
0.08235294117647059
0.08470588235294117
0.08705882352941176
0.08941176470588236
0.09176470588235294
0.09411764705882353
0.09647058823529411
0.0988235294117647
0.1011764705882353
0.10352941176470588
0.10588235294117647
0.10823529411764705
0.11058823529411765
0.11294117647058824
0.11529411764705882
0.11764705882352941
0.12
0.1223529411764706
0.12470588235294118
0.12470588235294118
0.12705882352941175
0.12705882352941175
0.12941176470588237
0.13176470588235295
0.13411764705882354
0.13647058823529412
0.1388235294117647
0.1411764705882353
0.14352941176470588
0.14588235294117646
0.14588235294117646
0.14823529411764705
0.15058823529411763
0.15294117647058825
0.15529411764705883
0.15764705882352942
0.16
0.1623529411764706
0.16470588235294117
0.16705882352941176
0.16941176470588235
0.17176470588235293
0.17411764705882352
0.17647058823529413
0.17882352941176471
0.1811764705882353
0.18352941176470589
0.18588235294117647
0.18823529411764706
0.19058823529411764
0.19294117647058823
0.1952941176470588
0.1952941176470588
0.1976470588235294
0.2
0.2023529411764706
0.20470588235294118
0.20705882352941177
0.20941176470588235
0.21176470588235294
0.21411764705882352
0.2164705882352941
0.2188235294117647
0.2211764705882353
0.2235294117647059
0.22588235294117648
0.22823529411764706
0.23058823529411765
0.23294117647058823
0.23529411764705882
0.2376470588235294
0.24
0.24235294117647058
0.2447058823529412
0.24705882352941178
0.24941176470588236
0.25176470588235295
0.2541176470588235
0.2564705882352941
0.25882352941176473
0.2611764705882353
0.2635294117647059
0.26588235294117646
0.26823529411764707
0.27058823529411763
0.27294117647058824
0.2752941176470588
0.2776470588235294
0.28
0.2823529411764706
0.2847058823529412
0.28705882352941176
0.28941176470588237
0.2917647058823529
0.29411764705882354
0.2964705882352941
0.2988235294117647
0.30117647058823527
0.3035294117647059
0.3058823529411765
0.30823529411764705
0.31058823529411766
0.3129411764705882
0.31529411764705884
0.3176470588235294
0.32
0.32235294117647056
0.3247058823529412
0.3270588235294118
0.32941176470588235
0.33176470588235296
0.3341176470588235
0.33647058823529413
0.3388235294117647
0.3411764705882353
0.34352941176470586
0.3458823529411765
0.34823529411764703
0.35058823529411764
0.35294117647058826
0.3552941176470588
0.35764705882352943
0.36
0.3623529411764706
0.36470588235294116
0.36705882352941177
0.36941176470588233
0.37176470588235294
0.37411764705882355
0.3764705882352941
0.3788235294117647
0.3811764705882353
0.3811764705882353
0.3835294117647059
0.38588235294117645
0.38823529411764707
0.3905882352941176
0.39294117647058824
0.39294117647058824
0.3952941176470588
0.3976470588235294
0.4
0.4023529411764706
0.4047058823529412
0.40705882352941175
0.40941176470588236
0.4117647058823529
0.41411764705882353
0.4164705882352941
0.4188235294117647
0.4211764705882353
0.4235294117647059
0.4258823529411765
0.42823529411764705
0.43058823529411766
0.4329411764705882
0.43529411764705883
0.43529411764705883
0.4376470588235294
0.44
0.4423529411764706
0.4447058823529412
0.4470588235294118
0.4470588235294118
0.44941176470588234
0.45176470588235296
0.45176470588235296
0.4541176470588235
0.45647058823529413
0.4588235294117647
0.4611764705882353
0.46352941176470586
0.46588235294117647
0.4682352941176471
0.47058823529411764
0.47294117647058825
0.4752941176470588
0.4776470588235294
0.48
0.48
0.48
0.48
0.4823529411764706
0.48470588235294115
0.48705882352941177
0.4894117647058824
0.49176470588235294
0.49411764705882355
0.49411764705882355
0.4964705882352941
0.4988235294117647
0.5011764705882353
0.5035294117647059
0.5058823529411764
0.508235294117647
0.5105882352941177
0.5129411764705882
0.5152941176470588
0.5176470588235295
0.5176470588235295
0.52
0.5223529411764706
0.5247058823529411
0.5270588235294118
0.5294117647058824
0.5317647058823529
0.5341176470588235
0.5364705882352941
0.5388235294117647
0.5411764705882353
0.5435294117647059
0.5458823529411765
0.548235294117647
0.5505882352941176
0.5505882352941176
0.5529411764705883
0.5529411764705883
0.5552941176470588
0.5576470588235294
0.56
0.5623529411764706
0.5647058823529412
0.5670588235294117
0.5694117647058824
0.571764705882353
0.571764705882353
0.571764705882353
0.571764705882353
0.5741176470588235
0.5764705882352941
0.5764705882352941
0.5788235294117647
0.5788235294117647
0.5811764705882353
0.5811764705882353
0.5835294117647059
0.5858823529411765
0.5882352941176471
0.5905882352941176
0.5929411764705882
0.5952941176470589
0.5976470588235294
0.6
0.6023529411764705
0.6047058823529412
0.6070588235294118
0.6094117647058823
0.611764705882353
0.6141176470588235
0.6164705882352941
0.6164705882352941
0.6164705882352941
0.6188235294117647
0.6211764705882353
0.6235294117647059
0.6235294117647059
0.6258823529411764
0.6282352941176471
0.6305882352941177
0.6329411764705882
0.6352941176470588
0.6352941176470588
0.6376470588235295
0.64
0.6423529411764706
0.6423529411764706
0.6447058823529411
0.6470588235294118
0.6494117647058824
0.6517647058823529
0.6541176470588236
0.6564705882352941
0.6588235294117647
0.6588235294117647
0.6611764705882353
0.6611764705882353
0.6635294117647059
0.6658823529411765
0.6658823529411765
0.6658823529411765
0.668235294117647
0.6705882352941176
0.6729411764705883
0.6729411764705883
0.6729411764705883
0.6752941176470588
0.6752941176470588
0.6752941176470588
0.6776470588235294
0.68
0.6823529411764706
0.6823529411764706
0.6847058823529412
0.6870588235294117
0.6870588235294117
0.6870588235294117
0.6870588235294117
0.6894117647058824
0.691764705882353
0.691764705882353
0.6941176470588235
0.6941176470588235
0.6941176470588235
0.6941176470588235
0.6941176470588235
0.6941176470588235
0.6941176470588235
0.6964705882352941
0.6988235294117647
0.6988235294117647
0.7011764705882353
0.7035294117647058
0.7058823529411765
0.7058823529411765
0.7082352941176471
0.7082352941176471
0.7082352941176471
0.7082352941176471
0.7082352941176471
0.7082352941176471
0.7105882352941176
0.7129411764705882
0.7129411764705882
0.7152941176470589
0.7152941176470589
0.7152941176470589
0.7152941176470589
0.7176470588235294
0.7176470588235294
0.7176470588235294
0.7176470588235294
0.72
0.7223529411764706
0.7223529411764706
0.7223529411764706
0.7247058823529412
0.7270588235294118
0.7270588235294118
0.7294117647058823
0.7294117647058823
0.7294117647058823
0.7294117647058823
0.7294117647058823
0.7294117647058823
0.7294117647058823
0.731764705882353
0.7341176470588235
0.7341176470588235
0.7364705882352941
0.7388235294117647
0.7388235294117647
0.7411764705882353
0.7435294117647059
0.7435294117647059
0.7458823529411764
0.7458823529411764
0.7482352941176471
0.7505882352941177
0.7505882352941177
0.7505882352941177
0.7505882352941177
0.7505882352941177
0.7505882352941177
0.7505882352941177
0.7529411764705882
0.7529411764705882
0.7552941176470588
0.7552941176470588
0.7552941176470588
0.7576470588235295
0.7576470588235295
0.76
0.76
0.76
0.7623529411764706
0.7623529411764706
0.7623529411764706
0.7647058823529411
0.7647058823529411
0.7647058823529411
0.7647058823529411
0.7647058823529411
0.7670588235294118
0.7670588235294118
0.7670588235294118
0.7670588235294118
0.7670588235294118
0.7670588235294118
0.7670588235294118
0.7694117647058824
0.7717647058823529
0.7741176470588236
0.7741176470588236
0.7741176470588236
0.7741176470588236
0.7764705882352941
0.7788235294117647
0.7788235294117647
0.7788235294117647
0.7811764705882352
0.7835294117647059
0.7835294117647059
0.7835294117647059
0.7858823529411765
0.7858823529411765
0.7858823529411765
0.7858823529411765
0.788235294117647
0.7905882352941176
0.7905882352941176
0.7905882352941176
0.7905882352941176
0.7929411764705883
0.7929411764705883
0.7929411764705883
0.7952941176470588
0.7976470588235294
0.7976470588235294
0.7976470588235294
0.7976470588235294
0.7976470588235294
0.8
0.8
0.8
0.8
0.8
0.8
0.8023529411764706
0.8047058823529412
0.8047058823529412
0.8047058823529412
0.8047058823529412
0.8070588235294117
0.8070588235294117
0.8094117647058824
0.8094117647058824
0.8094117647058824
0.8117647058823529
0.8117647058823529
0.8117647058823529
0.8117647058823529
0.8117647058823529
0.8141176470588235
0.8141176470588235
0.8141176470588235
0.8141176470588235
0.8141176470588235
0.8141176470588235
0.8141176470588235
0.8141176470588235
0.8141176470588235
0.8141176470588235
0.8164705882352942
0.8188235294117647
0.8211764705882353
0.8235294117647058
0.8235294117647058
0.8258823529411765
0.8282352941176471
0.8282352941176471
0.8282352941176471
0.8282352941176471
0.8282352941176471
0.8282352941176471
0.8282352941176471
0.8282352941176471
0.8282352941176471
0.8282352941176471
0.8305882352941176
0.8305882352941176
0.8305882352941176
0.8305882352941176
0.8305882352941176
0.8305882352941176
0.8305882352941176
0.8305882352941176
0.8329411764705882
0.8329411764705882
0.8329411764705882
0.8329411764705882
0.8329411764705882
0.8329411764705882
0.8329411764705882
0.8329411764705882
0.8329411764705882
0.8329411764705882
0.8329411764705882
0.8329411764705882
0.8329411764705882
0.8329411764705882
0.8329411764705882
0.8329411764705882
0.8329411764705882
0.8329411764705882
0.8352941176470589
0.8376470588235294
0.84
0.84
0.84
0.84
0.84
0.84
0.84
0.84
0.84
0.84
0.84
0.84
0.84
0.8423529411764706
0.8423529411764706
0.8423529411764706
0.8447058823529412
0.8447058823529412
0.8447058823529412
0.8447058823529412
0.8447058823529412
0.8447058823529412
0.8447058823529412
0.8470588235294118
0.8470588235294118
0.8470588235294118
0.8470588235294118
0.8470588235294118
0.8470588235294118
0.8470588235294118
0.8470588235294118
0.8470588235294118
0.8470588235294118
0.8470588235294118
0.8470588235294118
0.8470588235294118
0.8470588235294118
0.8470588235294118
0.8470588235294118
0.8470588235294118
0.8470588235294118
0.8470588235294118
0.8470588235294118
0.8494117647058823
0.8494117647058823
0.851764705882353
0.851764705882353
0.851764705882353
0.851764705882353
0.851764705882353
0.851764705882353
0.851764705882353
0.851764705882353
0.851764705882353
0.851764705882353
0.8541176470588235
0.8541176470588235
0.8541176470588235
0.8541176470588235
0.8564705882352941
0.8564705882352941
0.8564705882352941
0.8564705882352941
0.8564705882352941
0.8564705882352941
0.8564705882352941
0.8564705882352941
0.8564705882352941
0.8564705882352941
0.8564705882352941
0.8564705882352941
0.8564705882352941
0.8564705882352941
0.8564705882352941
0.8564705882352941
0.8564705882352941
0.8564705882352941
0.8564705882352941
0.8564705882352941
0.8564705882352941
0.8564705882352941
0.8564705882352941
0.8564705882352941
0.8564705882352941
0.8564705882352941
0.8564705882352941
0.8564705882352941
0.8564705882352941
0.8564705882352941
0.8564705882352941
0.8564705882352941
0.8564705882352941
0.8564705882352941
0.8564705882352941
0.8564705882352941
0.8564705882352941
0.8564705882352941
0.8564705882352941
0.8564705882352941
0.8564705882352941
0.8564705882352941
0.8564705882352941
0.8588235294117647
0.8588235294117647
0.8588235294117647
0.8588235294117647
0.8588235294117647
0.8588235294117647
0.8588235294117647
0.8588235294117647
0.8588235294117647
0.8588235294117647
0.8588235294117647
0.8588235294117647
0.8588235294117647
0.8588235294117647
0.8588235294117647
0.8588235294117647
0.8588235294117647
0.8588235294117647
0.8611764705882353
0.8611764705882353
0.8611764705882353
0.8611764705882353
0.8611764705882353
0.8635294117647059
0.8635294117647059
0.8635294117647059
0.8635294117647059
0.8635294117647059
0.8635294117647059
0.8635294117647059
0.8635294117647059
0.8635294117647059
0.8635294117647059
0.8635294117647059
0.8635294117647059
0.8658823529411764
0.8658823529411764
0.8658823529411764
0.8658823529411764
0.8658823529411764
0.8658823529411764
0.8658823529411764
0.8658823529411764
0.8658823529411764
0.8658823529411764
0.8658823529411764
0.8658823529411764
0.8658823529411764
0.8658823529411764
0.8658823529411764
0.8658823529411764
0.8658823529411764
0.8658823529411764
0.8658823529411764
0.8658823529411764
0.8658823529411764
0.8658823529411764
0.8658823529411764
0.8682352941176471
0.8682352941176471
0.8682352941176471
0.8682352941176471
0.8682352941176471
0.8682352941176471
0.8682352941176471
0.8682352941176471
0.8682352941176471
0.8682352941176471
0.8682352941176471
0.8682352941176471
0.8682352941176471
0.8682352941176471
0.8682352941176471
0.8682352941176471
0.8682352941176471
0.8682352941176471
0.8682352941176471
0.8682352941176471
0.8682352941176471
0.8682352941176471
0.8682352941176471
0.8682352941176471
0.8682352941176471
0.8682352941176471
0.8682352941176471
0.8682352941176471
0.8682352941176471
0.8682352941176471
0.8682352941176471
0.8705882352941177
0.8705882352941177
0.8705882352941177
0.8705882352941177
0.8705882352941177
0.8705882352941177
0.8705882352941177
0.8705882352941177
0.8705882352941177
0.8705882352941177
0.8705882352941177
0.8705882352941177
0.8705882352941177
0.8705882352941177
0.8705882352941177
0.8705882352941177
0.8705882352941177
0.8705882352941177
0.8705882352941177
0.8705882352941177
0.8705882352941177
0.8705882352941177
0.8705882352941177
0.8705882352941177
0.8705882352941177
0.8705882352941177
0.8705882352941177
0.8705882352941177
0.8705882352941177
0.8705882352941177
0.8705882352941177
0.8705882352941177
0.8705882352941177
0.8705882352941177
0.8705882352941177
0.8705882352941177
0.8705882352941177
0.8705882352941177
0.8705882352941177
0.8705882352941177
0.8705882352941177
0.8705882352941177
0.8705882352941177
0.8705882352941177
0.8705882352941177
0.8729411764705882
0.8729411764705882
0.8729411764705882
0.8729411764705882
0.8729411764705882
0.8729411764705882
0.8729411764705882
0.8729411764705882
0.8729411764705882
0.8729411764705882
0.8729411764705882
0.8752941176470588
0.8776470588235294
0.8776470588235294
0.8776470588235294
0.8776470588235294
0.8776470588235294
0.8776470588235294
0.8776470588235294
0.8776470588235294
0.8776470588235294
0.8776470588235294
0.8776470588235294
0.8776470588235294
0.8776470588235294
0.8776470588235294
0.8776470588235294
0.8776470588235294
0.88
0.88
0.88
0.88
0.88
0.88
0.88
0.88
0.88
0.88
0.88
0.88
0.88
0.88
0.88
0.88
0.88
0.88
0.8823529411764706
0.8823529411764706
0.8847058823529412
0.8847058823529412
0.8847058823529412
0.8847058823529412
0.8847058823529412
0.8847058823529412
0.8847058823529412
0.8847058823529412
0.8847058823529412
0.8847058823529412
0.8847058823529412
0.8847058823529412
0.8847058823529412
0.8847058823529412
0.8847058823529412
0.8847058823529412
0.8847058823529412
0.8847058823529412
0.8847058823529412
0.8847058823529412
0.8847058823529412
0.8847058823529412
0.8847058823529412
0.8847058823529412
0.8847058823529412
0.8847058823529412
0.8847058823529412
0.8847058823529412
0.8847058823529412
0.8847058823529412
0.8847058823529412
0.8870588235294118
0.8870588235294118
0.8870588235294118
0.8870588235294118
0.8870588235294118
0.8870588235294118
0.8870588235294118
0.8870588235294118
0.8870588235294118
0.8870588235294118
0.8870588235294118
0.8870588235294118
0.8870588235294118
0.8870588235294118
0.8870588235294118
0.8870588235294118
0.8870588235294118
0.8870588235294118
0.8870588235294118
0.8870588235294118
0.8870588235294118
0.8870588235294118
0.8870588235294118
0.8870588235294118
0.8870588235294118
0.8870588235294118
0.8870588235294118
0.8870588235294118
0.8870588235294118
0.8870588235294118
0.8870588235294118
0.8870588235294118
0.8870588235294118
0.8870588235294118
0.8870588235294118
0.8870588235294118
0.8870588235294118
0.8870588235294118
0.8870588235294118
0.8870588235294118
0.8870588235294118
0.8870588235294118
0.8870588235294118
0.8870588235294118
0.8870588235294118
0.8870588235294118
0.8870588235294118
0.8870588235294118
0.8870588235294118
0.8870588235294118
0.8870588235294118
0.8870588235294118
0.8870588235294118
0.8870588235294118
0.8870588235294118
0.8870588235294118
0.8870588235294118
